# Created by Octave 4.2.1, Thu Apr 29 14:51:54 2021 GMT <unknown@unknown>
# name: A
# type: matrix
# rows: 200
# columns: 1
 0
 1
 1
 1
 1
 1
 1
 1
 0
 1
 1
 1
 1
 1
 1
 1
 1
 1
 1
 1
 1
 0
 1
 1
 1
 1
 1
 1
 1
 1
 1
 1
 1
 1
 1
 0
 1
 1
 1
 1
 1
 1
 1
 1
 1
 1
 1
 1
 1
 1
 1
 1
 1
 1
 1
 1
 1
 1
 0
 0
 1
 1
 0
 1
 1
 1
 1
 1
 1
 0
 1
 1
 1
 1
 1
 1
 1
 1
 1
 0
 1
 0
 1
 0
 1
 0
 1
 1
 1
 1
 1
 1
 1
 1
 1
 1
 1
 0
 0
 1
 1
 1
 1
 0
 1
 0
 1
 1
 1
 0
 0
 0
 1
 1
 1
 1
 1
 1
 1
 0
 1
 1
 1
 1
 0
 1
 1
 1
 1
 1
 0
 0
 1
 1
 1
 0
 1
 1
 1
 1
 0
 1
 1
 1
 1
 1
 0
 1
 1
 1
 1
 1
 1
 1
 1
 1
 1
 1
 1
 0
 1
 1
 1
 1
 1
 1
 0
 0
 0
 1
 1
 0
 1
 1
 1
 1
 1
 1
 1
 1
 1
 0
 1
 1
 1
 0
 1
 1
 1
 1
 1
 1
 1
 1
 1
 1
 1
 1
 0
 1


# name: ans
# type: matrix
# rows: 1
# columns: 2
 200 1


