# Created by Octave 4.2.1, Thu Apr 29 14:50:49 2021 GMT <unknown@unknown>
# name: A
# type: matrix
# rows: 167
# columns: 1
 1
 1
 1
 1
 1
 1
 1
 1
 1
 1
 1
 1
 1
 1
 1
 1
 1
 1
 1
 1
 1
 1
 1
 1
 1
 1
 1
 1
 1
 1
 1
 1
 1
 1
 1
 1
 1
 1
 1
 1
 0
 1
 1
 0
 1
 1
 1
 1
 1
 1
 1
 1
 1
 0
 1
 1
 1
 1
 1
 1
 1
 1
 1
 1
 0
 1
 1
 0
 1
 1
 1
 1
 1
 1
 1
 1
 0
 1
 1
 0
 1
 1
 1
 1
 1
 1
 1
 1
 1
 1
 1
 0
 1
 1
 1
 0
 1
 1
 1
 1
 1
 1
 1
 1
 1
 1
 1
 0
 1
 1
 1
 1
 1
 1
 0
 0
 1
 1
 0
 1
 1
 1
 0
 1
 1
 1
 1
 1
 1
 1
 1
 1
 1
 1
 1
 1
 1
 0
 1
 1
 0
 0
 1
 1
 1
 1
 1
 1
 0
 1
 1
 0
 1
 1
 1
 0
 1
 1
 1
 1
 1
 1
 1
 1
 1
 1
 1


# name: B
# type: matrix
# rows: 133
# columns: 1
 1
 1
 1
 1
 1
 1
 1
 0
 1
 0
 1
 1
 1
 1
 0
 1
 1
 1
 1
 1
 0
 1
 0
 0
 1
 1
 1
 1
 1
 1
 1
 1
 1
 1
 1
 1
 1
 1
 1
 1
 1
 0
 1
 1
 1
 1
 1
 1
 1
 1
 1
 0
 1
 1
 1
 1
 1
 1
 1
 1
 1
 1
 1
 1
 1
 1
 1
 1
 1
 1
 1
 1
 1
 1
 1
 1
 1
 1
 1
 1
 1
 1
 1
 1
 1
 0
 1
 1
 1
 1
 1
 1
 1
 1
 0
 1
 1
 1
 0
 1
 1
 1
 0
 1
 1
 1
 1
 1
 1
 1
 1
 1
 1
 1
 1
 1
 1
 1
 0
 0
 1
 1
 1
 1
 1
 1
 1
 1
 1
 1
 1
 1
 1


# name: __nargin__
# type: scalar
5


